 1.07E-05 2.90E-05 3.15E+02
 2.90E-05 1.01E-04 2.29E+02
 1.01E-04 1.23E-03 7.08E+01
 1.23E-03 2.19E-02 3.50E+00
 2.19E-02 1.11E-01 1.27E+00
 1.11E-01 1.58E-01 4.56E-01
 1.58E-01 5.50E-01 4.37E-01
 5.50E-01 1.11E+00 2.88E-01
 1.11E+00 1.83E+00 1.85E-01
 1.83E+00 2.31E+00 1.37E-01
 2.31E+00 3.01E+00 8.11E-02
 3.01E+00 4.07E+00 4.19E-02
 4.07E+00 4.97E+00 2.81E-02
 4.97E+00 6.38E+00 1.34E-02
 6.38E+00 8.19E+00 5.26E-03
 8.19E+00 1.00E+01 2.06E-03
 1.00E+01 1.22E+01 5.63E-04
 1.22E+01 1.49E+01 8.85E-05
