 1.07E-05 2.90E-05 7.61E-01
 2.90E-05 1.01E-04 2.72E+00
 1.01E-04 1.23E-03 1.22E+01
 1.23E-03 2.19E-02 5.15E+00
 2.19E-02 1.11E-01 1.11E+00
 1.11E-01 1.58E-01 4.85E-01
 1.58E-01 5.50E-01 4.56E-01
 5.50E-01 1.11E+00 2.99E-01
 1.11E+00 1.83E+00 1.89E-01
 1.83E+00 2.31E+00 1.44E-01
 2.31E+00 3.01E+00 8.76E-02
 3.01E+00 4.07E+00 4.59E-02
 4.07E+00 4.97E+00 3.05E-02
 4.97E+00 6.38E+00 1.59E-02
 6.38E+00 8.19E+00 6.27E-03
 8.19E+00 1.00E+01 3.14E-03
 1.00E+01 1.22E+01 2.38E-03
 1.22E+01 1.49E+01 9.47E-03
