 1.07E-05 2.90E-05 6.41E-01
 2.90E-05 1.01E-04 4.61E+00
 1.01E-04 1.23E-03 4.42E+00
 1.23E-03 2.19E-02 4.10E+00
 2.19E-02 1.11E-01 2.25E+00
 1.11E-01 1.58E-01 6.82E-01
 1.58E-01 5.50E-01 4.77E-01
 5.50E-01 1.11E+00 2.73E-01
 1.11E+00 1.83E+00 1.42E-01
 1.83E+00 2.31E+00 9.75E-02
 2.31E+00 3.01E+00 5.85E-02
 3.01E+00 4.07E+00 3.39E-02
 4.07E+00 4.97E+00 2.22E-02
 4.97E+00 6.38E+00 1.25E-02
 6.38E+00 8.19E+00 6.00E-03
 8.19E+00 1.00E+01 3.86E-03
 1.00E+01 1.22E+01 5.49E-03
 1.22E+01 1.49E+01 1.65E-03
