 1.07E-05 2.90E-05 0.00E+00
 2.90E-05 1.01E-04 0.00E+00
 1.01E-04 1.23E-03 5.01E+00
 1.23E-03 2.19E-02 1.93E-01
 2.19E-02 1.11E-01 5.93E-01
 1.11E-01 1.58E-01 2.27E-01
 1.58E-01 5.50E-01 2.12E-01
 5.50E-01 1.11E+00 1.23E-01
 1.11E+00 1.83E+00 9.83E-02
 1.83E+00 2.31E+00 8.65E-02
 2.31E+00 3.01E+00 4.87E-02
 3.01E+00 4.07E+00 3.05E-02
 4.07E+00 4.97E+00 2.74E-02
 4.97E+00 6.38E+00 2.33E-02
 6.38E+00 8.19E+00 2.06E-02
 8.19E+00 1.00E+01 2.11E-02
 1.00E+01 1.22E+01 2.03E-02
 1.22E+01 1.49E+01 1.42E-01
